data.1
24
2900 435 8619
1541 306 6302
2734 482 7478
114 874 5494
5104 792 5696
5683 412 6456
5017 912 5131
84 124 3846
1688 308 2907
3066 14 3960
7751 134 5877
5957 266 5540
1808 20 5363
436 171 2963
8354 1 5507
7935 516 3017
3815 472 759
68 275 4040
6176 424 3688
8731 726 3081
8455 696 512
8355 473 1100
8200 258 1170
586 971 76
data.2
24
0 989 0
0 982 0
0 978 0
0 966 0
0 814 0
0 822 0
0 826 0
0 997 0
0 993 0
8368 1 12548
0 910 0
0 863 0
0 831 0
0 915 0
0 926 0
0 931 0
0 945 0
0 946 0
0 947 0
0 867 0
0 871 0
0 894 0
0 851 0
0 852 0
data.3
48
2954 862 14425
237 811 15392
2394 869 12045
3713 602 13893
1340 950 8731
5838 890 14786
7028 674 3541
6024 810 11081
9183 755 15985
7363 446 10186
1779 78 17029
2136 278 16456
10164 732 13213
10455 200 12583
11731 470 14049
10386 275 16512
7073 475 16773
13293 476 16248
10637 324 11792
13872 375 16660
8933 177 8647
14311 915 15371
10646 283 2371
15796 746 13667
14087 80 10919
16681 524 13649
16625 631 13507
15808 838 11659
13481 895 11629
10270 529 9684
8794 339 8833
796 225 6267
9661 910 6338
982 51 579
10056 886 6003
14342 581 4353
849 550 5221
4447 820 6351
12951 89 4913
468 446 887
8538 901 4775
4633 55 2210
15165 472 4137
2168 347 1592
360 890 1967
9520 768 2848
6519 455 1497
2585 401 828
data.4
48
2365 527 3206
4695 720 14801
5655 873 13648
502 350 17206
4336 274 11206
8414 16 13600
5618 426 10292
2356 542 15443
8548 616 5612
9581 970 17113
1363 166 17011
1180 321 7311
7739 577 2521
9028 124 14310
7004 857 12068
11292 481 14653
9750 768 13436
14007 898 14057
899 136 9421
6086 300 8692
9952 280 14196
9434 99 2360
7748 592 873
16868 922 16055
16817 259 15829
16075 309 8495
12313 191 3968
15749 289 14335
2225 611 8642
5673 203 9138
1021 121 7862
2117 626 12438
16484 25 1261
15660 303 6816
3298 743 9029
16383 259 3807
7696 421 7240
16337 642 10526
10868 836 2817
11677 544 2607
5801 512 7569
1255 630 5519
2756 162 7089
11196 604 5447
6242 642 5133
7391 387 4611
2318 959 3608
16651 875 1550
